+1.000000e+00 +0.000000e+00 +0.000000e+00
+4.943357e-02 -9.005274e-01 +4.319800e-01
+6.803524e-01 +5.518627e-01 -4.822532e-01
-2.232660e-01 +6.133001e-01 -7.576379e-01
+8.987307e-01 +3.696693e-02 -4.369400e-01
+8.558875e-01 -2.452888e-02 +5.165801e-01
-6.555757e-01 -4.061603e-01 +6.365959e-01
-7.542163e-01 -6.516913e-01 +8.035068e-02
+5.969539e-01 +2.682701e-01 -7.560934e-01
+7.670524e-01 +3.938460e-01 +5.064740e-01
-8.320119e-01 -1.890116e-01 -5.215658e-01
-7.151699e-01 +6.271038e-01 -3.086629e-01
-3.724556e-01 -6.881301e-01 -6.226988e-01
-5.241028e-01 +7.649334e-02 -8.482128e-01
+2.912300e-03 -3.160195e-01 -9.487482e-01
-9.578332e-01 +2.685772e-01 -1.020872e-01
-3.612253e-01 -8.761175e-01 +3.192717e-01
-4.435927e-01 -4.099975e-01 -7.969489e-01
+4.330841e-01 -6.851219e-01 -5.857015e-01
+2.785109e-01 -7.244761e-01 +6.305284e-01
+1.498677e-01 -9.669803e-02 -9.839660e-01
+3.527718e-01 +9.192874e-01 -1.745358e-01
-3.212580e-01 -8.026153e-01 -5.025953e-01
+7.386448e-01 -2.343453e-01 +6.320491e-01
-5.186462e-01 -8.527916e-01 +6.125930e-02
-4.707787e-01 +4.444521e-01 -7.621218e-01
+3.592930e-01 -8.789809e-01 -3.135300e-01
+3.705930e-01 +4.873843e-01 +7.906437e-01
-6.946301e-01 -3.249630e-02 +7.186327e-01
-9.515618e-01 +1.049924e-01 -2.889753e-01
-8.192825e-01 +5.449507e-02 +5.707946e-01
-1.164292e-01 -6.135606e-01 -7.810171e-01
-5.992182e-01 +7.522229e-01 -2.740407e-01
-4.661186e-01 -7.320592e-01 -4.968126e-01
-1.220311e-01 -3.723580e-01 +9.200315e-01
-9.825312e-01 +1.128722e-01 -1.479607e-01
+3.680914e-01 -8.647681e-01 +3.415916e-01
+7.713780e-01 -2.090914e-01 -6.010464e-01
-7.584901e-01 +7.801872e-02 -6.469976e-01
+9.776689e-01 +1.014683e-01 +1.840319e-01
+2.169732e-01 +8.104876e-01 -5.440887e-01
+8.634284e-01 +2.816586e-01 +4.185209e-01
-7.265226e-01 -5.760912e-01 +3.745447e-01
-2.036049e-02 +1.928209e-02 -9.996067e-01
-9.873597e-01 -1.576040e-01 +1.678815e-02
+4.341735e-01 -1.008007e-01 -8.951718e-01
-3.560705e-01 +8.836695e-01 +3.038784e-01
-7.953155e-01 -5.416528e-01 -2.721863e-01
-2.939024e-01 +1.468309e-01 +9.444904e-01
+3.119512e-01 +5.231966e-03 +9.500837e-01
-6.184082e-01 -5.526721e-01 +5.586814e-01
+4.333077e-01 -6.180371e-02 +8.991244e-01
-2.691615e-01 +1.986098e-01 -9.423939e-01
-1.910950e-03 -7.063702e-02 +9.975003e-01
+3.641826e-01 -2.880789e-01 -8.856532e-01
-2.366844e-01 -5.131083e-01 -8.250457e-01
-1.033749e-01 +9.907289e-01 -8.814736e-02
-1.104509e-03 +6.773331e-01 +7.356756e-01
+8.795249e-01 -4.747587e-01 -3.225006e-02
-5.336342e-01 +8.317693e-01 -1.529520e-01
-8.614996e-01 +3.142705e-01 +3.988139e-01
-5.145226e-01 +7.560939e-01 -4.044607e-01
-7.265850e-01 -2.173406e-01 -6.517955e-01
+3.860794e-01 -9.110125e-01 +1.449099e-01
+4.720830e-01 -4.053131e-01 +7.828531e-01
+9.877216e-01 +1.518510e-01 +3.670648e-02
+5.425350e-01 -7.044324e-01 -4.576361e-01
-1.223251e-01 +8.975287e-01 -4.236493e-01
+6.056569e-01 -6.943461e-01 +3.886686e-01
-4.490822e-01 -2.278163e-01 -8.639589e-01
+7.012912e-01 -1.005351e-01 -7.057503e-01
+6.879022e-01 +1.954108e-01 +6.990030e-01
-2.579552e-01 -9.613081e-01 +9.667417e-02
+2.414031e-02 +7.908483e-01 +6.115359e-01
-2.682624e-01 +8.972195e-01 -3.507599e-01
+2.773697e-01 +1.538346e-01 +9.483675e-01
-8.125668e-01 +3.112873e-01 -4.927833e-01
+6.386751e-01 -7.149131e-01 -2.845934e-01
+8.255027e-01 +5.632037e-01 -3.669942e-02
-9.706053e-01 -3.580005e-02 +2.379993e-01
-8.229933e-01 +5.012218e-01 -2.673178e-01
-1.692074e-01 +6.397054e-01 +7.497638e-01
-5.151339e-01 -5.981619e-01 -6.138724e-01
+2.526291e-01 -8.685892e-01 -4.262997e-01
+4.436305e-01 +4.813216e-02 -8.949163e-01
+6.784298e-01 -3.955839e-01 +6.190689e-01
+5.258205e-01 +7.472307e-01 +4.063978e-01
-1.495275e-01 +5.205486e-01 +8.406371e-01
+2.769202e-01 -7.566171e-01 -5.923223e-01
-4.910214e-01 -6.603598e-01 +5.681751e-01
-6.343769e-01 -1.387201e-02 -7.728994e-01
+5.319435e-01 +5.326555e-01 +6.582660e-01
+8.338815e-01 -5.386475e-01 +1.204182e-01
-3.987802e-01 -5.314650e-01 +7.473415e-01
-2.296067e-01 +9.514716e-01 -2.048964e-01
+5.703054e-01 +6.663067e-01 -4.804031e-01
-6.049782e-01 -7.223556e-01 -3.349683e-01
+6.664789e-01 +5.656901e-02 +7.433747e-01
+4.857896e-02 -2.397204e-01 +9.696258e-01
-7.516370e-01 +5.032340e-01 -4.263770e-01
-1.747580e-01 -6.873769e-01 +7.049629e-01
-1.138664e-01 -9.853065e-01 +1.273013e-01
-1.321750e-01 -5.029011e-01 +8.541781e-01
+6.709605e-01 -3.294678e-01 -6.642763e-01
+3.395525e-01 -8.003941e-01 +4.940378e-01
+1.274451e-01 -7.299470e-01 -6.715170e-01
+6.975346e-01 -5.059347e-01 -5.074206e-01
-6.326775e-01 -7.630308e-01 +1.322997e-01
-2.576186e-01 -8.624233e-01 +4.357278e-01
+5.349930e-01 +4.027643e-01 +7.426732e-01
-7.806685e-01 -4.583108e-01 -4.248622e-01
+9.317016e-01 +2.790373e-01 -2.325301e-01
+5.705078e-01 -8.210958e-01 -1.796083e-02
+2.990879e-01 +3.354103e-02 -9.536359e-01
-9.398641e-01 +2.827747e-01 +1.915565e-01
+9.469934e-01 +3.197032e-01 -3.151694e-02
+5.781844e-01 -5.895000e-02 -8.137738e-01
-3.733315e-01 -9.274438e-01 -2.171411e-02
+7.643307e-01 -4.718471e-02 +6.430958e-01
+9.873507e-01 -5.718712e-02 +1.478791e-01
+5.124868e-01 +9.469156e-02 +8.534581e-01
-5.991635e-01 +1.309803e-01 +7.898400e-01
+2.301797e-01 -5.037192e-01 -8.326370e-01
-5.770617e-02 -9.560705e-01 +2.874008e-01
+2.159392e-01 -8.907740e-01 +3.998648e-01
-8.477188e-01 -3.384034e-02 -5.293654e-01
-9.278308e-01 +1.927251e-01 +3.193540e-01
-2.311336e-01 +8.147053e-01 -5.318200e-01
+4.296303e-01 +3.415190e-01 +8.359322e-01
-7.892453e-01 +5.953117e-01 -1.506516e-01
-2.152267e-02 +2.722683e-01 +9.619807e-01
+5.267774e-02 -9.761664e-01 -2.105329e-01
-3.125122e-01 +4.811798e-01 -8.190251e-01
+7.951127e-01 +2.751160e-01 -5.404692e-01
+5.595837e-01 -4.990397e-01 +6.616838e-01
-8.015484e-02 +8.181666e-01 -5.693669e-01
+1.792955e-01 -8.203468e-01 +5.430324e-01
+3.801185e-01 +8.833053e-01 +2.743750e-01
+4.796788e-01 -7.469580e-01 +4.603933e-01
+5.228761e-01 -8.416833e-01 +1.347952e-01
-9.001246e-01 -4.062996e-01 +1.571504e-01
-5.939257e-01 +6.530698e-01 +4.698427e-01
-8.417494e-01 -1.992820e-01 +5.017416e-01
-9.967641e-01 -1.191840e-02 +7.949412e-02
+3.754106e-01 -4.738371e-01 -7.965835e-01
-8.302596e-02 +3.744624e-01 -9.235175e-01
+9.516465e-01 +2.797231e-01 +1.269799e-01
+9.596999e-01 -2.453423e-01 +1.370521e-01
+9.317322e-01 +2.096747e-01 +2.964989e-01
+1.685885e-01 -4.583320e-01 +8.726452e-01
-8.977591e-02 +4.042772e-01 +9.102199e-01
-3.151084e-01 -6.024132e-03 +9.490366e-01
-9.297406e-01 +4.648852e-02 +3.652686e-01
-5.856784e-01 +4.551043e-01 -6.707166e-01
-7.757379e-01 +6.309409e-01 +1.201175e-02
-9.189068e-01 -3.816683e-01 -9.969777e-02
+4.966735e-01 -2.298536e-01 -8.369485e-01
-2.687977e-01 -2.936206e-01 +9.173520e-01
+9.872897e-01 +3.001981e-02 -1.560699e-01
+2.205167e-03 -1.472711e-01 -9.890937e-01
+2.006141e-01 +8.945888e-01 -3.993306e-01
+2.561990e-01 +8.825460e-01 +3.943027e-01
+9.488518e-01 +1.241920e-01 -2.902700e-01
+1.726032e-01 -1.323836e-01 +9.760547e-01
+8.859124e-01 +1.224420e-01 +4.474004e-01
+2.012129e-01 -9.423001e-01 -2.675517e-01
+7.949820e-01 +1.063771e-01 +5.972333e-01
-2.974183e-01 -4.270856e-01 +8.538971e-01
-7.518957e-01 +2.308027e-01 -6.175621e-01
+1.016868e-01 -5.775423e-01 +8.100029e-01
-8.956818e-01 +2.119184e-01 -3.909535e-01
-4.154760e-01 +3.915151e-01 +8.210333e-01
+5.158283e-01 +1.600619e-01 -8.416064e-01
+9.757361e-01 +1.849735e-01 -1.171489e-01
-7.167906e-01 +4.056457e-01 -5.671533e-01
-5.302032e-01 -5.051961e-01 +6.809269e-01
+1.787210e-01 -9.781068e-01 +1.066108e-01
+5.875996e-01 +7.499499e-01 -3.038123e-01
+3.241051e-01 -6.346613e-01 -7.015418e-01
-6.028633e-01 -7.371056e-01 +3.053378e-01
-4.483528e-01 -3.902739e-01 +8.041555e-01
+4.153662e-02 -6.058220e-01 -7.945152e-01
-7.429059e-02 -9.379695e-01 -3.386652e-01
-1.863292e-01 +6.858209e-02 -9.800908e-01
-3.046359e-01 +4.995744e-01 +8.109392e-01
+9.295024e-02 -4.417141e-01 -8.923278e-01
-3.479438e-01 +8.153288e-01 +4.627894e-01
-7.398487e-01 -4.683719e-01 +4.829613e-01
+2.408793e-01 +5.172277e-01 -8.212506e-01
-5.952520e-01 -6.406939e-01 -4.849602e-01
+6.582294e-01 +4.825321e-01 +5.778380e-01
-6.915619e-02 -7.209971e-01 -6.894785e-01
+5.107474e-01 +8.216919e-01 +2.529022e-01
-1.100634e-01 -8.988563e-01 +4.241975e-01
+8.385531e-01 +3.632034e-01 -4.060937e-01
+9.469297e-01 +3.360055e-02 +3.196798e-01
-2.504972e-01 -5.773509e-01 +7.771211e-01
-5.563897e-01 -3.036802e-01 -7.734397e-01
-9.314609e-01 -2.582617e-01 -2.562839e-01
-4.497957e-01 -2.504299e-01 +8.573032e-01
+7.955314e-01 -4.810706e-01 -3.683760e-01
+4.113835e-01 +1.866674e-01 +8.921429e-01
-7.954002e-01 +4.781382e-01 +3.724546e-01
+6.312379e-01 +8.323818e-02 -7.711097e-01
-2.422935e-01 +3.488971e-01 -9.052981e-01
-9.262814e-01 -1.580558e-01 +3.420834e-01
+7.854028e-01 +5.067333e-01 -3.554770e-01
-7.075441e-01 -2.255937e-01 +6.696931e-01
-4.918543e-02 +5.942473e-01 -8.027770e-01
+4.244355e-01 -5.594293e-01 +7.119644e-01
-3.016488e-01 -2.477058e-01 -9.206790e-01
-8.443610e-01 -5.213699e-01 -1.234017e-01
+9.453930e-01 -3.238711e-01 -3.660109e-02
-1.390340e-02 +1.032249e-01 +9.945609e-01
-7.646137e-01 -3.275368e-01 +5.550545e-01
-1.526301e-01 +7.205259e-01 -6.764218e-01
+9.348303e-02 +9.718245e-01 +2.163747e-01
+4.422423e-01 -8.789437e-01 -1.785491e-01
+5.947403e-02 +3.223478e-01 -9.447511e-01
-8.974007e-01 +4.164942e-01 -1.456182e-01
-7.223115e-01 +1.227075e-01 +6.805946e-01
+3.408102e-01 +4.027339e-01 -8.495021e-01
-6.922210e-01 +5.384205e-01 +4.805553e-01
+5.537183e-01 -1.994627e-01 +8.084619e-01
+1.453898e-01 +8.412439e-01 +5.207403e-01
+6.015714e-01 -3.246715e-01 +7.298632e-01
-2.434269e-02 -7.216170e-01 +6.918644e-01
-1.320864e-01 +7.504512e-01 +6.475926e-01
+5.788427e-01 +6.218063e-01 +5.275397e-01
+8.909843e-01 +4.486217e-01 +6.989726e-02
+1.478825e-01 -8.356084e-01 -5.290456e-01
+3.915206e-01 -7.918502e-01 -4.687056e-01
-3.976755e-01 +3.375924e-01 -8.531621e-01
-5.488468e-01 +4.133626e-01 +7.265662e-01
-4.997515e-01 +8.154548e-01 +2.920308e-01
-2.115130e-01 -9.355811e-01 -2.827549e-01
-8.934866e-01 +4.377341e-01 +1.003525e-01
-8.839102e-01 -5.437584e-02 +4.644847e-01
-8.729041e-01 +4.126201e-01 +2.603519e-01
-6.650969e-01 +7.467526e-01 -2.587994e-03
+7.843644e-01 +2.538718e-01 +5.659697e-01
-9.246261e-01 +2.871582e-01 -2.502135e-01
+5.017309e-01 -7.983933e-01 -3.329177e-01
+4.156658e-01 +5.314731e-01 -7.380775e-01
+6.723514e-03 +7.058111e-01 -7.083682e-01
-6.122797e-01 -1.636036e-01 -7.735292e-01
+5.831582e-01 +5.271001e-01 -6.181359e-01
-3.093816e-01 +9.419244e-01 +1.306196e-01
-8.506903e-01 +1.259692e-01 -5.103507e-01
+4.776525e-01 +6.335944e-01 -6.086100e-01
+1.848879e-01 +7.098841e-01 -6.796183e-01
+7.514824e-01 -3.800269e-01 -5.393086e-01
+1.595728e-01 +9.837832e-01 -8.189728e-02
-9.767119e-01 +1.243329e-01 +1.748576e-01
-8.187096e-01 -5.424013e-01 +1.884551e-01
+1.193352e-01 +6.022892e-01 -7.893078e-01
+3.632608e-01 +7.226044e-01 -5.881195e-01
+8.749155e-01 -4.411655e-01 -1.997396e-01
+1.957612e-02 +5.671558e-01 +8.233778e-01
+6.354266e-01 +7.371799e-01 +2.297800e-01
-1.519168e-01 +9.858736e-01 +7.053058e-02
+7.341344e-01 +4.196008e-01 -5.338370e-01
-5.369536e-01 +2.651695e-01 -8.008533e-01
+6.468499e-01 +3.855583e-01 -6.579742e-01
+3.702337e-02 -9.897067e-01 +1.382387e-01
-2.035017e-01 +9.478170e-01 +2.454182e-01
+9.003035e-01 +3.636542e-01 +2.391845e-01
-7.700084e-01 +3.823266e-01 +5.107969e-01
-1.672447e-01 -9.993860e-02 +9.808371e-01
+1.814575e-01 -3.057212e-01 +9.346698e-01
-2.607020e-02 -8.780523e-01 -4.778540e-01
+2.856909e-01 +7.839654e-01 +5.511615e-01
+8.363178e-01 -1.903588e-01 +5.141362e-01
+6.730388e-01 -1.353342e-01 +7.271199e-01
-6.599722e-01 -3.571206e-01 -6.609853e-01
+1.279378e-01 -7.079266e-01 +6.946019e-01
-3.672682e-01 -6.560954e-01 +6.592821e-01
+7.715622e-01 -6.358679e-01 +1.907327e-02
-6.637093e-01 +4.252893e-01 +6.153202e-01
-4.484247e-01 +5.402820e-01 +7.120468e-01
+3.217842e-01 -3.536101e-01 +8.783023e-01
+3.074074e-01 +6.297459e-01 -7.133868e-01
-9.503698e-01 +3.088604e-01 +3.744960e-02
+4.029633e-01 +5.959499e-01 +6.945965e-01
+7.222552e-01 +6.901468e-01 -4.521898e-02
-2.640757e-01 +9.635543e-01 -4.274409e-02
-6.829833e-01 +7.146594e-01 -1.509827e-01
+1.441371e-01 +1.483673e-02 +9.894465e-01
-4.498592e-01 +6.769230e-01 +5.825821e-01
-7.720155e-01 +2.462718e-01 +5.859541e-01
-9.468729e-01 -3.188322e-01 +4.216326e-02
+5.773749e-01 -7.987918e-01 -1.690262e-01
+6.992684e-01 -7.059301e-01 -1.126339e-01
-2.036154e-01 -7.621343e-01 -6.145666e-01
+1.345650e-01 -9.881979e-01 -7.319309e-02
-4.587673e-01 -9.229452e-02 +8.837501e-01
-8.633378e-01 -5.037358e-01 +2.996680e-02
+8.733803e-01 +4.147776e-01 -2.552770e-01
+4.655949e-01 -5.540341e-01 -6.901215e-01
+9.139790e-01 -9.694004e-02 +3.940114e-01
-9.953966e-01 -3.034629e-02 -9.091061e-02
+2.989690e-02 +9.865413e-01 -1.607556e-01
+6.692373e-01 -7.396929e-01 +7.053896e-02
+5.110675e-01 +4.223697e-01 -7.486079e-01
-5.973087e-01 +7.859966e-01 +1.594730e-01
-4.738394e-01 -8.040173e-01 -3.592109e-01
+7.561101e-01 -5.985679e-01 -2.646014e-01
-3.809648e-01 +9.079525e-01 -1.746085e-01
+2.461465e-01 +9.421347e-01 +2.275830e-01
-8.746803e-01 -4.057617e-01 -2.651260e-01
-3.983852e-01 -5.487787e-01 -7.349362e-01
+4.939129e-01 +8.398637e-01 -2.251201e-01
+9.103836e-02 -9.220857e-01 -3.761250e-01
-3.832712e-01 +5.877806e-01 -7.124726e-01
-3.812057e-01 -7.746624e-01 +5.045595e-01
+6.179876e-01 -2.260310e-01 -7.529949e-01
-2.630049e-01 -6.408227e-01 -7.212314e-01
-5.443261e-01 +8.388597e-01 +4.847218e-03
-1.862050e-01 -9.814929e-01 -4.471464e-02
-5.184947e-02 -4.883325e-01 -8.711159e-01
+3.552725e-01 +8.773887e-01 -3.224445e-01
-4.194676e-01 +1.836923e-01 -8.889905e-01
+1.701972e-03 -8.011609e-01 -5.984465e-01
+8.797164e-01 -1.319167e-01 -4.568338e-01
-6.481775e-01 -7.607996e-01 -3.240239e-02
-1.602825e-01 -7.882164e-02 -9.839190e-01
-1.794730e-01 +8.310196e-01 +5.264939e-01
+1.348553e-01 +3.238039e-01 +9.364641e-01
-1.532046e-01 +5.873019e-02 +9.864477e-01
-4.520776e-01 +8.793151e-01 +1.497694e-01
-4.097994e-01 +9.120506e-01 -1.510165e-02
+5.888858e-01 -4.524677e-01 -6.696913e-01
+7.272130e-01 +5.379456e-01 +4.263517e-01
-2.206790e-01 -9.376063e-01 +2.686917e-01
+6.803880e-01 -5.175575e-01 +5.188510e-01
-3.156226e-01 +7.112626e-01 -6.280827e-01
+5.638731e-01 +2.369619e-01 +7.911360e-01
-3.891526e-01 +2.465731e-01 +8.875595e-01
-4.316108e-01 -8.722647e-01 -2.299270e-01
+1.881181e-01 +9.788784e-01 +8.005410e-02
-7.614859e-01 -6.446501e-01 -6.756837e-02
+5.774601e-01 -5.855874e-01 -5.688824e-01
+2.913592e-01 -9.448819e-01 -1.493590e-01
-5.111741e-02 +9.812612e-01 +1.857780e-01
-3.204754e-01 -9.895960e-02 -9.420735e-01
-1.759140e-01 -8.597972e-01 -4.793778e-01
+4.415422e-01 +6.997882e-01 +5.615487e-01
+2.534538e-02 +9.991955e-01 +3.108098e-02
+3.130840e-01 -1.751796e-01 +9.334294e-01
-7.341132e-01 +6.036224e-01 +3.109949e-01
+9.511168e-01 -4.264867e-02 -3.058725e-01
+7.320838e-01 -6.475552e-01 +2.114843e-01
-9.156909e-01 -3.007544e-01 +2.665652e-01
+3.943035e-01 +8.109385e-01 +4.323233e-01
+2.039030e-01 +2.152095e-01 -9.550437e-01
-5.035391e-01 -8.589975e-01 -9.258302e-02
-3.011693e-01 +7.404273e-01 +6.008864e-01
+8.899932e-01 +2.148938e-01 -4.021602e-01
+4.959519e-01 -8.158940e-01 +2.972351e-01
+9.859261e-01 -1.671730e-01 +1.706417e-03
-9.129120e-01 -1.536922e-01 -3.781143e-01
-5.992827e-01 -1.733784e-01 +7.815370e-01
+3.507865e-01 +8.138397e-01 -4.632643e-01
+3.084467e-01 +9.508323e-01 -2.790457e-02
-1.704052e-01 +2.372533e-01 +9.563854e-01
+7.862411e-01 -3.474300e-01 +5.109965e-01
+2.832411e-01 -9.590277e-01 +6.350005e-03
-5.087723e-01 +5.955085e-01 -6.217076e-01
+7.957491e-01 +5.723367e-01 -1.980254e-01
-1.496707e-01 +4.950691e-01 -8.558652e-01
-2.606320e-01 -7.604466e-01 +5.948041e-01
+1.517041e-01 -2.565803e-01 -9.545431e-01
-9.203884e-01 +2.177533e-03 -3.909994e-01
-1.074936e-01 +2.154376e-01 -9.705832e-01
+4.639756e-01 +8.842363e-01 -5.341214e-02
+9.411213e-01 -2.856052e-01 -1.808877e-01
+5.238265e-01 +8.470475e-01 +9.009079e-02
-6.569859e-01 +2.801720e-01 +6.999094e-01
+5.692121e-01 -3.993207e-02 +8.212204e-01
-3.217441e-01 +6.297781e-01 +7.070080e-01
-6.423185e-01 +3.127717e-01 -6.997148e-01
+9.118789e-01 -3.953968e-01 +1.101742e-01
-9.377487e-02 +9.558460e-01 -2.785043e-01
+8.258744e-01 +4.386106e-01 +3.543335e-01
+6.171454e-02 +9.465132e-01 -3.167082e-01
+7.719234e-01 +6.275553e-01 +1.015316e-01
+1.936931e-01 +5.938386e-01 +7.809217e-01
-9.673929e-01 -1.893633e-01 +1.682036e-01
-5.559717e-01 -4.698363e-01 -6.856744e-01
-9.682461e-01 -2.198404e-01 -1.190364e-01
-6.216393e-01 +6.502506e-01 -4.367365e-01
-8.512344e-01 -3.276989e-01 +4.098945e-01
-6.678414e-01 -4.999560e-01 -5.513908e-01
+1.067454e-01 +9.216394e-01 +3.730767e-01
+1.269395e-01 +1.737009e-01 +9.765830e-01
-7.140052e-01 +6.818838e-01 +1.588429e-01
+1.099176e-01 -9.522760e-01 +2.847606e-01
+7.026789e-02 +4.515711e-01 +8.894639e-01
-4.536570e-01 +7.075947e-01 -5.417611e-01
+1.468487e-01 +7.179569e-01 +6.804214e-01
-7.655063e-01 -3.484517e-01 -5.409081e-01
+1.845461e-01 -6.233728e-01 -7.598349e-01
+2.059376e-01 +9.496394e-01 -2.361666e-01
+4.237253e-01 -6.717688e-01 +6.076047e-01
-4.811879e-01 -7.795914e-01 +4.008684e-01
-4.849945e-01 -7.698105e-02 -8.711224e-01
+6.223483e-01 -7.471968e-01 +2.331943e-01
+5.626368e-01 -6.209930e-01 +5.457175e-01
+6.623318e-01 +3.459820e-01 +6.645397e-01
-8.292497e-01 -4.557601e-01 +3.234620e-01
-4.842626e-01 +7.577459e-01 +4.373911e-01
+5.921880e-01 +8.008708e-01 -8.899025e-02
-4.998353e-01 -8.346026e-01 +2.315237e-01
-5.807915e-01 -3.254099e-01 +7.461834e-01
+7.403466e-01 +5.495791e-02 -6.699750e-01
+2.560593e-01 -6.155236e-01 +7.453619e-01
-3.156355e-01 -3.892972e-01 -8.653450e-01
-1.217475e-02 -9.997281e-01 -1.988941e-02
-1.539725e-01 -3.799977e-01 -9.120824e-01
-5.270141e-01 +2.614695e-01 +8.086346e-01
+8.867794e-01 -2.704848e-01 +3.747803e-01
-6.261688e-01 +7.113819e-01 +3.191369e-01
+7.148461e-01 +2.196560e-01 -6.638873e-01
-2.118039e-01 +8.947715e-01 +3.930941e-01
+3.782087e-01 +9.190880e-01 +1.106137e-01
-4.535546e-01 +8.682072e-02 +8.869895e-01
-3.847969e-01 -9.100478e-01 +1.540919e-01
+6.505054e-01 +7.555461e-01 +7.741271e-02
-8.591039e-01 -3.124140e-01 -4.053862e-01
+2.315322e-01 +4.668988e-01 +8.534626e-01
+2.680905e-01 -9.340316e-01 +2.360349e-01
+3.180429e-01 -4.917265e-01 +8.105885e-01
+7.102978e-01 -5.899135e-01 +3.840300e-01
+8.386390e-01 -2.863857e-01 -4.633227e-01
+7.307337e-02 +8.004912e-01 -5.948732e-01
-3.200964e-01 -1.611201e-01 +9.335837e-01
-8.633796e-01 +5.036999e-01 -2.936031e-02
+5.643991e-02 +4.776972e-01 -8.767097e-01
-1.224954e-01 -8.166237e-01 +5.640218e-01
+2.914600e-01 +6.819404e-01 +6.708266e-01
-6.389172e-01 +5.474281e-01 -5.404694e-01
+8.354825e-01 +5.107765e-01 +2.026731e-01
+8.283732e-01 +1.215093e-01 -5.468394e-01
+1.508928e-01 +5.556198e-02 -9.869875e-01
+9.799544e-01 -1.296287e-01 -1.512803e-01
-3.604869e-01 +8.143276e-01 -4.548842e-01
-1.005265e-01 -2.319356e-01 +9.675228e-01
+8.935459e-01 -3.661248e-01 +2.598623e-01
-8.509062e-01 +3.839664e-01 -3.585086e-01
-3.588258e-01 +4.166027e-02 -9.324744e-01
-3.025134e-01 -9.397662e-01 -1.591386e-01
-3.194569e-01 -8.751464e-01 -3.634089e-01
+4.343038e-01 -2.523885e-01 +8.646851e-01
-7.162825e-01 -6.550258e-01 +2.405840e-01
-5.364986e-02 +9.368614e-01 +3.455609e-01
-5.736455e-01 -1.781708e-02 +8.189099e-01
-4.192818e-02 -6.003559e-01 +7.986331e-01
+2.449979e-01 -3.644175e-01 -8.984297e-01
+4.829841e-01 +7.712710e-01 -4.145690e-01
-7.461833e-01 -7.162562e-02 -6.618763e-01
+6.929177e-01 +6.352890e-01 -3.409881e-01
-7.836831e-01 -9.736647e-02 +6.134823e-01
-1.447521e-01 -2.301439e-01 -9.623308e-01
+4.442655e-01 +3.019990e-01 -8.434600e-01
+2.016140e-01 +3.728697e-01 -9.057152e-01
-4.321424e-01 +8.494868e-01 -3.026965e-01
-8.139724e-01 +5.555049e-01 +1.698919e-01
-5.663467e-01 +5.589529e-01 +6.056593e-01
+2.886010e-01 +3.207020e-01 +9.021417e-01
+4.298796e-01 -9.026696e-01 -1.977445e-02
+6.859939e-01 +7.023889e-01 -1.899003e-01
+3.156624e-02 -8.183027e-01 +5.739201e-01
-9.550974e-02 -9.811591e-01 -1.679424e-01
+8.921237e-01 +4.387727e-01 -1.076750e-01
-2.555077e-01 +3.610181e-01 +8.968733e-01
+9.281991e-01 -1.971557e-01 -3.155568e-01
-9.685615e-01 -7.761798e-02 -2.363557e-01
+3.442476e-01 +2.020681e-01 -9.168762e-01
+4.943616e-01 -3.793243e-01 -7.821251e-01
+8.744212e-01 -3.545026e-01 -3.312332e-01
+3.889909e-02 +1.681529e-01 -9.849931e-01
-6.038716e-01 -6.604831e-01 +4.462076e-01
-8.628510e-01 +1.678246e-01 +4.767841e-01
+8.114769e-01 -5.175696e-01 +2.713428e-01
-7.035484e-01 -5.951000e-01 -3.884271e-01
+8.040959e-01 -4.389806e-01 +4.009063e-01
+8.162374e-01 -5.245865e-02 -5.753300e-01
+2.930491e-01 -1.458813e-01 -9.449026e-01
+7.420205e-01 +6.176852e-01 +2.605198e-01
-5.960831e-01 -7.804735e-01 -1.885366e-01
-2.629491e-02 +8.732405e-01 +4.865794e-01
+6.727040e-01 -6.186994e-01 -4.058084e-01
-6.461084e-01 +1.472648e-01 -7.489039e-01
-9.900611e-01 +1.399025e-01 +1.436143e-02
+9.523186e-01 -1.586852e-01 +2.605922e-01
+4.144671e-02 +8.869757e-01 -4.599525e-01
+2.652322e-02 -4.162582e-01 +9.088595e-01
+6.466143e-01 +6.603370e-01 +3.818965e-01
-7.124921e-01 -6.687830e-01 -2.123305e-01
+8.087764e-01 -5.735762e-01 -1.299656e-01
